[red-001.jpg]
filters=Sixties=1,20.000000,00ffffff,0;CrossProcess=1,0.000000;Soften=1,50.000000,50.000000;Comicize=1,20.000000,50.000000,100.000000;
moddate=00c48990e845ce01
width=1440
height=900
textactive=0
[book.jpg]
filters=Lomo=1,50.000000,0.000000;CrossProcess=1,0.000000;
rotate=rotate(0)
moddate=8001fd549d46ce01
width=1024
height=768
textactive=0
